0.0965482240442
0.0501996040055
0.0451072496549
0.038703664924
0.0324701823931
0.0288173290448
0.0268908200891
0.02611325239
0.0255794737077
0.0252472021454
0.0248924783522
0.0249766436096
0.0244199469687
0.0238451804799
0.024247969928
0.0240598777033
0.0239924208219
0.0237116440999
0.0235870638681
0.0232080325636
0.0231774260719
0.0228597822535
0.0229060756876
0.0228179788344
0.0223453198888
0.0216396049966
0.0222721981965
0.0220897461202
0.0214818069882
0.0205042679813
0.0211443600186
0.0208003418848
0.0205892768015
0.0203866910754
0.0198889948103
0.020013283012
0.0199628515647
0.0196756435096
0.0196380309851
0.0192584483684
0.0194329939014
0.0192669115309
0.0192934543811
0.0192409076582
0.0188043405695
0.0190717454853
0.0190180842748
0.0193135013929
0.0191628196327
283
528
0.464015151515
0.0959924918782
0.043939780813
0.0422001635296
0.0403290085175
0.036199963545
0.0300954869007
0.0269364184432
0.0248871047637
0.0239297984876
0.0232259510431
0.0230309222393
0.0222595171225
0.0220269509532
0.0220065655468
0.0217344270074
0.0213194985215
0.0219517738254
0.0215496037069
0.0216675166836
0.0209189373084
0.0209511566839
0.0208726213977
0.0209668502951
0.0205241604077
0.0204097417883
0.0204077691228
0.0203186389015
0.0205192296272
0.0202910630348
0.0204093854077
0.0203312848857
0.0206808131616
0.0202079390821
0.0197277163748
0.0199650172135
0.0200512438253
0.0198039785349
0.0200062875197
0.0200738656515
0.0199006973575
0.0199594235478
0.0198681325284
0.0196925390815
0.0199887700978
0.0199648556312
0.0196110246354
0.0193027576474
0.019626805816
0.01973333023
287
528
0.456439393939
0.0673064896373
0.0492454189033
0.0462249098051
0.0415974919085
0.0397410866864
0.0376745892285
0.0350309526156
0.0325832307341
0.0303598587964
0.0293135282285
0.0279913425208
0.0274943843636
0.0272239722457
0.0269833889198
0.026740616338
0.0263908941005
0.0263640280329
0.0262092012079
0.0264448178992
0.0261527810523
0.0260358883632
0.0257936568259
0.0260581856037
0.025105547825
0.0255067271513
0.02552767757
0.025359221693
0.0252181088829
0.0249663277095
0.0252323075852
0.0250103338728
0.0249609157605
0.0249069597409
0.024760053431
0.0248209897072
0.0246255979628
0.0246538444519
0.0243017347757
0.0246508601057
0.0243057894246
0.0243447971882
0.0241929207015
0.0244078004442
0.0240117020363
0.0243780238524
0.0238453928767
0.0241280485309
0.0238384020236
0.0236969450873
185
528
0.649621212121
0.0858703588552
0.0490091864109
0.0487705335605
0.0481469874005
0.048228232027
0.0479104835049
0.0472693233103
0.0470275078993
0.0466278438886
0.0456549206903
0.0447024045277
0.0421507194084
0.0391573391136
0.0332820875197
0.029617989905
0.0285220278267
0.0275452203586
0.0272126850805
0.0267572761737
0.0258723869865
0.0255563106024
0.0251010703636
0.0250568893013
0.0247584534964
0.0242882049346
0.0240035864368
0.0233579980302
0.0228582822281
0.0224770634369
0.0217616861539
0.021010832454
0.0203830095933
0.0197601439837
0.0193867013087
0.0190089248986
0.0185366477657
0.0183472798271
0.0183026557693
0.0174143951769
0.0176806639771
0.0171273278946
0.0175184563342
0.0174966685155
0.017113498407
0.0174587863744
0.0171191397541
0.0171941941304
0.0170579197259
0.0170484741768
320
528
0.393939393939
0.0919474383792
0.0476623021476
0.0448376110332
0.0422689020901
0.0379013055426
0.0338257905233
0.0298962464058
0.0268871813991
0.0254246445063
0.0250027300519
0.024112610072
0.0246813257982
0.0239047447582
0.023675790285
0.0231957886714
0.0230845444138
0.0228929386128
0.0227895555516
0.0223869648023
0.0219252478694
0.0213600233639
0.0213298341994
0.0208336328715
0.0208448963114
0.0206023197738
0.0206961957368
0.0203894963166
0.0205272936681
0.0202421294716
0.0203506487982
0.0203954675416
0.020253322384
0.0200606437274
0.019916857745
0.0203489961334
0.0200706999483
0.0198791645105
0.0201109958254
0.0199978576839
0.0201724646597
0.0200976867128
0.019930099013
0.0197471582164
0.0202824807114
0.0194882817422
0.0197598674992
0.0197397309243
0.0201109343412
0.019971008835
234
528
0.556818181818
