0.0395654934797
0.0210317854216
0.0192985973992
0.0192723913226
0.0192790567112
0.0192788374865
0.0192675400975
0.0192583868318
0.0192595535791
0.0192647758688
0.0193006514443
0.0192682771218
0.0192987195332
0.0192775547716
0.019279119458
0.0192830529864
0.0192533186922
0.0192989181868
0.0192807154445
0.0192890800961
0.019277817686
0.0192430128116
0.0192204952909
0.0192737779886
0.019266384376
0.0192649979074
0.0192724488635
0.0192867945958
0.0192705626893
0.0192764928515
0.0192876658677
0.0192482397834
0.0192316003711
0.0192930850719
0.0192802117577
0.0192528319742
0.0192521200888
0.0192499379976
0.0192644480973
0
500
1.0
0.0358277176491
0.0192091310092
0.0191708912049
0.0191690909554
0.019186015567
0.0191815833116
0.0191701731782
0.0191708972476
0.0191629666794
0.0191823605699
0.0191755036642
0.019172559376
0.019172139035
0.0191409934773
0.0191753320778
0.0191438900193
0.0191545277758
0.0191747378576
0.0191461617629
0.0191761519088
0.0191558466803
0.0191354449015
0.0191567714633
0.0191563356505
0.0191568844256
0.0191818767781
0.0191614767009
0.0191531047247
0.0191814585781
0.0191712020503
0.0191716040049
0.0191687589485
0.0191876444026
0.0191481680854
0.019161729418
0.0191740459692
0.0191636779861
0.0191685134845
0.0191471991086
0
500
1.0
0.0417737844436
0.0202375964935
0.0202596893908
0.0202687709518
0.0201960396938
0.0202330336117
0.0202458279194
0.0202605865889
0.0202330008579
0.0202190611287
0.0202523860981
0.0202241524364
0.0201790488288
0.0202398524269
0.0202591417685
0.0202445851437
0.0202249757566
0.0202741499111
0.0202557999698
0.0202547559772
0.0202151567542
0.0201610863652
0.0202466075765
0.0202636109445
0.0202389638764
0.0202718912318
0.0202152852629
0.0202293066487
0.0202560825133
0.0202283330287
0.0202261708484
0.020195127407
0.0202576643745
0.0202902238381
0.0202540731291
0.0202277712775
0.020201275409
0.0202096421702
0.0202460388199
0
500
1.0
0.040788590726
0.020244347882
0.0199509011151
0.0199014000606
0.0199282426771
0.0198345834251
0.0199417306535
0.0198622370894
0.019907860369
0.0198895537102
0.0199132774033
0.0199215030016
0.0198912417234
0.0198839178727
0.0199013638339
0.0199372465469
0.0199203614062
0.0199040446896
0.0198971212172
0.0198972383936
0.0199346164331
0.0199466855871
0.0199341826298
0.0199061168815
0.0199132588437
0.0198684241532
0.0199122210968
0.0199276526546
0.0198646029957
0.019855795806
0.0198868915379
0.0199163910531
0.0198985232194
0.0199114323477
0.0199065858572
0.0199368442024
0.0199307295891
0.0199072359227
0.0199590508871
0
500
1.0
0.0457939391951
0.019387134085
0.0194126220932
0.0193838936403
0.0193630972446
0.0193605264505
0.0193786642334
0.0194029619551
0.0193809272866
0.0193901778471
0.0193683495351
0.0193712037485
0.0193836583668
0.0193813922925
0.0193760375761
0.019368755123
0.0193809608291
0.0193746256529
0.0193813904819
0.0193496145533
0.019367524838
0.0193457148366
0.0193569855125
0.0193708674591
0.0193663344505
0.0193552217903
0.0193894774213
0.0193853560931
0.0194040094826
0.0193704655891
0.0193848844864
0.0193534065842
0.0193634272939
0.0193880464741
0.0194018068358
0.0193922647271
0.0193694427134
0.0193609938756
0.0193617692593
0
500
1.0
